{
  "nbformat": 4,
  "nbformat_minor": 0,
  "metadata": {
    "colab": {
      "name": "Pca_Basis.ipynb",
      "provenance": [],
      "collapsed_sections": []
    },
    "kernelspec": {
      "name": "python3",
      "display_name": "Python 3"
    },
    "accelerator": "GPU"
  },
  "cells": [
    {
      "cell_type": "code",
      "source": [
        "import numpy as np\n",
        "import pandas as pd\n",
        "import warnings\n",
        "warnings.filterwarnings(\"ignore\")"
      ],
      "metadata": {
        "id": "-vYDWKKiEMM1"
      },
      "execution_count": 1,
      "outputs": []
    },
    {
      "cell_type": "code",
      "source": [
        "cancer = pd.read_csv('cancer.csv')"
      ],
      "metadata": {
        "id": "hqE6rLWsETv6"
      },
      "execution_count": 2,
      "outputs": []
    },
    {
      "cell_type": "code",
      "source": [
        " = cancer.drop(['Class'],axis=1)"
      ],
      "metadata": {
        "id": "DPXiSiCCEdTC"
      },
      "execution_count": 3,
      "outputs": []
    },
    {
      "cell_type": "code",
      "source": [
        "y = cancer['Class']"
      ],
      "metadata": {
        "id": "ZzPkoALCEf0b"
      },
      "execution_count": 4,
      "outputs": []
    },
    {
      "cell_type": "code",
      "metadata": {
        "id": "mQFFmKx-O91z"
      },
      "source": [
        "from sklearn.preprocessing import StandardScaler\n",
        "X = StandardScaler().fit_transform(X)"
      ],
      "execution_count": 5,
      "outputs": []
    },
    {
      "cell_type": "markdown",
      "metadata": {
        "id": "Wuz7RbO-PDjd"
      },
      "source": [
        "#Computing the covariance matrix"
      ]
    },
    {
      "cell_type": "code",
      "metadata": {
        "id": "JK2o-BmoPDtT",
        "colab": {
          "base_uri": "https://localhost:8080/"
        },
        "outputId": "b7bdf434-89b3-4fe3-9289-afa3c00e4b96"
      },
      "source": [
        "import numpy as np\n",
        "\n",
        "# Compute the mean of the data\n",
        "mean_vec = np.mean(X, axis=0)\n",
        "\n",
        "print(\"mean_vec \\n\")\n",
        "print(mean_vec)\n",
        "print(\"\\n\")\n",
        "\n",
        "# Compute the covariance matrix\n",
        "cov_mat = (X - mean_vec).T.dot((X - mean_vec)) / (X.shape[0]-1)\n",
        "\n",
        "print(\"cov_mat \\n\")\n",
        "print(cov_mat)\n",
        "print(\"\\n\")\n",
        "\n",
        "# OR we can do this with one line of numpy:\n",
        "cov_mat = np.cov(X.T)\n",
        "\n",
        "print(\"cov_mat \\n\")\n",
        "print(cov_mat)"
      ],
      "execution_count": 12,
      "outputs": [
        {
          "output_type": "stream",
          "name": "stdout",
          "text": [
            "mean_vec \n",
            "\n",
            "[-1.37363271e-16  6.86816353e-17 -1.24875700e-16 -2.18532476e-16\n",
            "  1.74825981e-16  1.99801121e-16  1.24875700e-16 -3.74627101e-17\n",
            "  1.87313551e-16  4.52674414e-16  2.49751401e-16 -1.03022453e-16\n",
            " -3.49651961e-16 -1.31119486e-16  4.40186844e-16  1.81069766e-16\n",
            " -1.24875700e-17  1.24875700e-17  8.11692053e-17 -3.74627101e-17\n",
            " -8.24179623e-16  1.24875700e-17 -3.74627101e-16  0.00000000e+00\n",
            " -2.37263831e-16 -3.37164391e-16  7.49254203e-17  2.24776261e-16\n",
            "  2.74726541e-16  2.12288691e-16]\n",
            "\n",
            "\n",
            "cov_mat \n",
            "\n",
            "[[ 1.00176056e+00  3.24351929e-01  9.99612069e-01  9.89095475e-01\n",
            "   1.70881506e-01  5.07014640e-01  6.77955035e-01  8.23976636e-01\n",
            "   1.48001350e-01 -3.12179472e-01  6.80285970e-01 -9.74887767e-02\n",
            "   6.75358538e-01  7.37159198e-01 -2.22992026e-01  2.06362656e-01\n",
            "   1.94545518e-01  3.76831225e-01 -1.04504545e-01 -4.27161775e-02\n",
            "   9.71245907e-01  2.97530545e-01  9.66835698e-01  9.42739295e-01\n",
            "   1.19826732e-01  4.14190751e-01  5.27839123e-01  7.45524434e-01\n",
            "   1.64241985e-01  7.07832563e-03]\n",
            " [ 3.24351929e-01  1.00176056e+00  3.30113223e-01  3.21650988e-01\n",
            "  -2.34296930e-02  2.37118951e-01  3.02950249e-01  2.93980713e-01\n",
            "   7.15266864e-02 -7.65717560e-02  2.76354360e-01  3.87037830e-01\n",
            "   2.82169018e-01  2.60302460e-01  6.62542133e-03  1.92312595e-01\n",
            "   1.43545337e-01  1.64139495e-01  9.14323671e-03  5.45532977e-02\n",
            "   3.53193674e-01  9.13650301e-01  3.58669926e-01  3.44150782e-01\n",
            "   7.76398084e-02  2.78318729e-01  3.01555198e-01  2.95835766e-01\n",
            "   1.05192783e-01  1.19415220e-01]\n",
            " [ 9.99612069e-01  3.30113223e-01  1.00176056e+00  9.88243612e-01\n",
            "   2.07643090e-01  5.57916732e-01  7.17396452e-01  8.52475240e-01\n",
            "   1.83349443e-01 -2.61937255e-01  6.92982910e-01 -8.69138267e-02\n",
            "   6.94355197e-01  7.46294283e-01 -2.03050882e-01  2.51185131e-01\n",
            "   2.28483886e-01  4.07933847e-01 -8.17730406e-02 -5.53294757e-03\n",
            "   9.71183188e-01  3.03571890e-01  9.72095315e-01  9.43207466e-01\n",
            "   1.50814456e-01  4.56576647e-01  5.64872009e-01  7.72598608e-01\n",
            "   1.89447989e-01  5.11083511e-02]\n",
            " [ 9.89095475e-01  3.21650988e-01  9.88243612e-01  1.00176056e+00\n",
            "   1.77340047e-01  4.99379326e-01  6.87190545e-01  8.24718286e-01\n",
            "   1.51559440e-01 -2.83608244e-01  7.33851949e-01 -6.63969041e-02\n",
            "   7.27907603e-01  8.01494523e-01 -1.67070287e-01  2.12956816e-01\n",
            "   2.08025648e-01  3.72975776e-01 -7.26242231e-02 -1.99218212e-02\n",
            "   9.64441062e-01  2.87994769e-01  9.60808165e-01  9.60902082e-01\n",
            "   1.23740409e-01  3.91097651e-01  5.13508396e-01  7.23287782e-01\n",
            "   1.43822678e-01  3.74417763e-03]\n",
            " [ 1.70881506e-01 -2.34296930e-02  2.07643090e-01  1.77340047e-01\n",
            "   1.00176056e+00  6.60283643e-01  5.22902751e-01  5.54669988e-01\n",
            "   5.58756786e-01  5.85821565e-01  3.01997850e-01  6.85268821e-02\n",
            "   2.96613222e-01  2.46986503e-01  3.32960611e-01  3.19504817e-01\n",
            "   2.48832976e-01  3.81345895e-01  2.01127852e-01  2.84106417e-01\n",
            "   2.13495353e-01  3.61353055e-02  2.39273141e-01  2.07082304e-01\n",
            "   8.06742020e-01  4.73300254e-01  4.35691429e-01  5.03939011e-01\n",
            "   3.95003689e-01  5.00195447e-01]\n",
            " [ 5.07014640e-01  2.37118951e-01  5.57916732e-01  4.99379326e-01\n",
            "   6.60283643e-01  1.00176056e+00  8.84675459e-01  8.32598309e-01\n",
            "   6.03702036e-01  5.66364031e-01  4.98349280e-01  4.62861772e-02\n",
            "   5.49871647e-01  4.56455058e-01  1.35537471e-01  7.40022356e-01\n",
            "   5.71521288e-01  6.43392594e-01  2.30381479e-01  5.08211515e-01\n",
            "   5.36257855e-01  2.48569687e-01  5.91249531e-01  5.10500995e-01\n",
            "   5.66536837e-01  8.67333351e-01  8.17712354e-01  8.17009092e-01\n",
            "   5.11121711e-01  6.88592503e-01]\n",
            " [ 6.77955035e-01  3.02950249e-01  7.17396452e-01  6.87190545e-01\n",
            "   5.22902751e-01  8.84675459e-01  1.00176056e+00  9.23013193e-01\n",
            "   5.01548075e-01  3.37376288e-01  6.33037366e-01  7.63525333e-02\n",
            "   6.61553448e-01  6.18513826e-01  9.87372711e-02  6.71458891e-01\n",
            "   6.92487222e-01  6.84462834e-01  1.78322603e-01  4.50091900e-01\n",
            "   6.89448092e-01  3.00406843e-01  7.30849362e-01  6.77177350e-01\n",
            "   4.49612217e-01  7.56297184e-01  8.85659156e-01  8.62839444e-01\n",
            "   4.10185016e-01  5.15836458e-01]\n",
            " [ 8.23976636e-01  2.93980713e-01  8.52475240e-01  8.24718286e-01\n",
            "   5.54669988e-01  8.32598309e-01  9.23013193e-01  1.00176056e+00\n",
            "   4.63311644e-01  1.67211252e-01  6.99278795e-01  2.15173981e-02\n",
            "   7.11901016e-01  6.91513854e-01  2.77019938e-02  4.91287673e-01\n",
            "   4.39940233e-01  6.16717994e-01  9.55186580e-02  2.58037474e-01\n",
            "   8.31779458e-01  2.93267121e-01  8.57430035e-01  8.11055024e-01\n",
            "   4.53550155e-01  6.68628771e-01  7.53724145e-01  9.11757700e-01\n",
            "   3.76405667e-01  3.69310185e-01]\n",
            " [ 1.48001350e-01  7.15266864e-02  1.83349443e-01  1.51559440e-01\n",
            "   5.58756786e-01  6.03702036e-01  5.01548075e-01  4.63311644e-01\n",
            "   1.00176056e+00  4.80766262e-01  3.03913382e-01  1.28278372e-01\n",
            "   3.14445389e-01  2.24364533e-01  1.87650956e-01  4.22401505e-01\n",
            "   3.43230239e-01  3.93990298e-01  4.49927276e-01  3.32370491e-01\n",
            "   1.86054739e-01  9.08102844e-02  2.19554419e-01  1.77505338e-01\n",
            "   4.27426215e-01  4.74033112e-01  4.34484601e-01  4.31054176e-01\n",
            "   7.01057885e-01  4.39185353e-01]\n",
            " [-3.12179472e-01 -7.65717560e-02 -2.61937255e-01 -2.83608244e-01\n",
            "   5.85821565e-01  5.66364031e-01  3.37376288e-01  1.67211252e-01\n",
            "   4.80766262e-01  1.00176056e+00  1.11190486e-04  1.64463005e-01\n",
            "   3.99000547e-02 -9.03289980e-02  4.02672109e-01  5.60822319e-01\n",
            "   4.47416639e-01  3.41798745e-01  3.45614805e-01  6.89343153e-01\n",
            "  -2.54138135e-01 -5.13594647e-02 -2.05512393e-01 -2.32262646e-01\n",
            "   5.05831058e-01  4.59605900e-01  3.46843443e-01  1.75634121e-01\n",
            "   3.34606745e-01  7.68647654e-01]\n",
            " [ 6.80285970e-01  2.76354360e-01  6.92982910e-01  7.33851949e-01\n",
            "   3.01997850e-01  4.98349280e-01  6.33037366e-01  6.99278795e-01\n",
            "   3.03913382e-01  1.11190486e-04  1.00176056e+00  2.13622773e-01\n",
            "   9.74506342e-01  9.53505869e-01  1.64803858e-01  3.56691450e-01\n",
            "   3.32942669e-01  5.14250220e-01  2.40990897e-01  2.28154677e-01\n",
            "   7.16324113e-01  1.95141512e-01  7.20950853e-01  7.52871625e-01\n",
            "   1.42168410e-01  2.87608629e-01  3.81254678e-01  5.31997297e-01\n",
            "   9.47092790e-02  4.96466850e-02]\n",
            " [-9.74887767e-02  3.87037830e-01 -8.69138267e-02 -6.63969041e-02\n",
            "   6.85268821e-02  4.62861772e-02  7.63525333e-02  2.15173981e-02\n",
            "   1.28278372e-01  1.64463005e-01  2.13622773e-01  1.00176056e+00\n",
            "   2.23563635e-01  1.11763668e-01  3.97942224e-01  2.32107621e-01\n",
            "   1.95341766e-01  2.30688828e-01  4.12345364e-01  2.80215261e-01\n",
            "  -1.11886951e-01  4.09722842e-01 -1.02421925e-01 -8.33414586e-02\n",
            "  -7.37873381e-02 -9.26020990e-02 -6.90776223e-02 -1.19848153e-01\n",
            "  -1.28440488e-01 -4.57349464e-02]\n",
            " [ 6.75358538e-01  2.82169018e-01  6.94355197e-01  7.27907603e-01\n",
            "   2.96613222e-01  5.49871647e-01  6.61553448e-01  7.11901016e-01\n",
            "   3.14445389e-01  3.99000547e-02  9.74506342e-01  2.23563635e-01\n",
            "   1.00176056e+00  9.39306209e-01  1.51341309e-01  4.17055330e-01\n",
            "   3.63119750e-01  5.57243422e-01  2.66956259e-01  2.44572759e-01\n",
            "   6.98428059e-01  2.00723620e-01  7.22300731e-01  7.31999440e-01\n",
            "   1.30283361e-01  3.42521416e-01  4.19636314e-01  5.55874162e-01\n",
            "   1.10123974e-01  8.55829815e-02]\n",
            " [ 7.37159198e-01  2.60302460e-01  7.46294283e-01  8.01494523e-01\n",
            "   2.46986503e-01  4.56455058e-01  6.18513826e-01  6.91513854e-01\n",
            "   2.24364533e-01 -9.03289980e-02  9.53505869e-01  1.11763668e-01\n",
            "   9.39306209e-01  1.00176056e+00  7.52826451e-02  2.85341536e-01\n",
            "   2.71371649e-01  4.16461487e-01  1.34345087e-01  1.27294745e-01\n",
            "   7.58706592e-01  1.96842594e-01  7.62552799e-01  8.12836496e-01\n",
            "   1.25610187e-01  2.83755229e-01  3.85778129e-01  5.39113790e-01\n",
            "   7.42567956e-02  1.75701742e-02]\n",
            " [-2.22992026e-01  6.62542133e-03 -2.03050882e-01 -1.67070287e-01\n",
            "   3.32960611e-01  1.35537471e-01  9.87372711e-02  2.77019938e-02\n",
            "   1.87650956e-01  4.02672109e-01  1.64803858e-01  3.97942224e-01\n",
            "   1.51341309e-01  7.52826451e-02  1.00176056e+00  3.37288855e-01\n",
            "   2.69157792e-01  3.29007720e-01  4.14234129e-01  4.28126763e-01\n",
            "  -2.31096855e-01 -7.48745546e-02 -2.17686332e-01 -1.82516245e-01\n",
            "   3.15011078e-01 -5.56559523e-02 -5.84010247e-02 -1.02186386e-01\n",
            "  -1.07531080e-01  1.01658978e-01]\n",
            " [ 2.06362656e-01  1.92312595e-01  2.51185131e-01  2.12956816e-01\n",
            "   3.19504817e-01  7.40022356e-01  6.71458891e-01  4.91287673e-01\n",
            "   4.22401505e-01  5.60822319e-01  3.56691450e-01  2.32107621e-01\n",
            "   4.17055330e-01  2.85341536e-01  3.37288855e-01  1.00176056e+00\n",
            "   8.02679021e-01  7.45392672e-01  3.95407752e-01  8.04683115e-01\n",
            "   2.04967390e-01  1.43254348e-01  2.60974494e-01  1.99722335e-01\n",
            "   2.27794574e-01  6.79975390e-01  6.40271956e-01  4.84059046e-01\n",
            "   2.78367653e-01  5.92013208e-01]\n",
            " [ 1.94545518e-01  1.43545337e-01  2.28483886e-01  2.08025648e-01\n",
            "   2.48832976e-01  5.71521288e-01  6.92487222e-01  4.39940233e-01\n",
            "   3.43230239e-01  4.47416639e-01  3.32942669e-01  1.95341766e-01\n",
            "   3.63119750e-01  2.71371649e-01  2.69157792e-01  8.02679021e-01\n",
            "   1.00176056e+00  7.73162790e-01  3.09973346e-01  7.28652790e-01\n",
            "   1.87232560e-01  1.00417452e-01  2.27079500e-01  1.88684248e-01\n",
            "   1.68777925e-01  4.85711410e-01  6.63730606e-01  4.41247718e-01\n",
            "   1.98136036e-01  4.40102727e-01]\n",
            " [ 3.76831225e-01  1.64139495e-01  4.07933847e-01  3.72975776e-01\n",
            "   3.81345895e-01  6.43392594e-01  6.84462834e-01  6.16717994e-01\n",
            "   3.93990298e-01  3.41798745e-01  5.14250220e-01  2.30688828e-01\n",
            "   5.57243422e-01  4.16461487e-01  3.29007720e-01  7.45392672e-01\n",
            "   7.73162790e-01  1.00176056e+00  3.13330893e-01  6.12120142e-01\n",
            "   3.58757174e-01  8.68939233e-02  3.95694673e-01  3.42873752e-01\n",
            "   2.15729735e-01  4.53685716e-01  5.50559967e-01  6.03510257e-01\n",
            "   1.43367633e-01  3.11201479e-01]\n",
            " [-1.04504545e-01  9.14323671e-03 -8.17730406e-02 -7.26242231e-02\n",
            "   2.01127852e-01  2.30381479e-01  1.78322603e-01  9.55186580e-02\n",
            "   4.49927276e-01  3.45614805e-01  2.40990897e-01  4.12345364e-01\n",
            "   2.66956259e-01  1.34345087e-01  4.14234129e-01  3.95407752e-01\n",
            "   3.09973346e-01  3.13330893e-01  1.00176056e+00  3.69727820e-01\n",
            "  -1.28346334e-01 -7.76098171e-02 -1.03935708e-01 -1.10537008e-01\n",
            "  -1.26840915e-02  6.03609620e-02  3.71843990e-02 -3.04669411e-02\n",
            "   3.90088053e-01  7.82169401e-02]\n",
            " [-4.27161775e-02  5.45532977e-02 -5.53294757e-03 -1.99218212e-02\n",
            "   2.84106417e-01  5.08211515e-01  4.50091900e-01  2.58037474e-01\n",
            "   3.32370491e-01  6.89343153e-01  2.28154677e-01  2.80215261e-01\n",
            "   2.44572759e-01  1.27294745e-01  4.28126763e-01  8.04683115e-01\n",
            "   7.28652790e-01  6.12120142e-01  3.69727820e-01  1.00176056e+00\n",
            "  -3.75534158e-02 -3.20064748e-03 -1.00195746e-03 -2.27759988e-02\n",
            "   1.70869030e-01  3.90845954e-01  3.80643808e-01  2.15583249e-01\n",
            "   1.11289767e-01  5.92369269e-01]\n",
            " [ 9.71245907e-01  3.53193674e-01  9.71183188e-01  9.64441062e-01\n",
            "   2.13495353e-01  5.36257855e-01  6.89448092e-01  8.31779458e-01\n",
            "   1.86054739e-01 -2.54138135e-01  7.16324113e-01 -1.11886951e-01\n",
            "   6.98428059e-01  7.58706592e-01 -2.31096855e-01  2.04967390e-01\n",
            "   1.87232560e-01  3.58757174e-01 -1.28346334e-01 -3.75534158e-02\n",
            "   1.00176056e+00  3.60554418e-01  9.95457402e-01  9.85746984e-01\n",
            "   2.16955724e-01  4.76657749e-01  5.74985227e-01  7.88810161e-01\n",
            "   2.43957953e-01  9.36565772e-02]\n",
            " [ 2.97530545e-01  9.13650301e-01  3.03571890e-01  2.87994769e-01\n",
            "   3.61353055e-02  2.48569687e-01  3.00406843e-01  2.93267121e-01\n",
            "   9.08102844e-02 -5.13594647e-02  1.95141512e-01  4.09722842e-01\n",
            "   2.00723620e-01  1.96842594e-01 -7.48745546e-02  1.43254348e-01\n",
            "   1.00417452e-01  8.68939233e-02 -7.76098171e-02 -3.20064748e-03\n",
            "   3.60554418e-01  1.00176056e+00  3.65741024e-01  3.46451160e-01\n",
            "   2.25826298e-01  3.61467607e-01  3.69014138e-01  3.60387980e-01\n",
            "   2.33437721e-01  2.19508204e-01]\n",
            " [ 9.66835698e-01  3.58669926e-01  9.72095315e-01  9.60808165e-01\n",
            "   2.39273141e-01  5.91249531e-01  7.30849362e-01  8.57430035e-01\n",
            "   2.19554419e-01 -2.05512393e-01  7.20950853e-01 -1.02421925e-01\n",
            "   7.22300731e-01  7.62552799e-01 -2.17686332e-01  2.60974494e-01\n",
            "   2.27079500e-01  3.95694673e-01 -1.03935708e-01 -1.00195746e-03\n",
            "   9.95457402e-01  3.65741024e-01  1.00176056e+00  9.79299180e-01\n",
            "   2.37191461e-01  5.30339746e-01  6.19432713e-01  8.17759288e-01\n",
            "   2.69967228e-01  1.39201504e-01]\n",
            " [ 9.42739295e-01  3.44150782e-01  9.43207466e-01  9.60902082e-01\n",
            "   2.07082304e-01  5.10500995e-01  6.77177350e-01  8.11055024e-01\n",
            "   1.77505338e-01 -2.32262646e-01  7.52871625e-01 -8.33414586e-02\n",
            "   7.31999440e-01  8.12836496e-01 -1.82516245e-01  1.99722335e-01\n",
            "   1.88684248e-01  3.42873752e-01 -1.10537008e-01 -2.27759988e-02\n",
            "   9.85746984e-01  3.46451160e-01  9.79299180e-01  1.00176056e+00\n",
            "   2.09513547e-01  4.39067932e-01  5.44287093e-01  7.48734680e-01\n",
            "   2.09513722e-01  7.97872577e-02]\n",
            " [ 1.19826732e-01  7.76398084e-02  1.50814456e-01  1.23740409e-01\n",
            "   8.06742020e-01  5.66536837e-01  4.49612217e-01  4.53550155e-01\n",
            "   4.27426215e-01  5.05831058e-01  1.42168410e-01 -7.37873381e-02\n",
            "   1.30283361e-01  1.25610187e-01  3.15011078e-01  2.27794574e-01\n",
            "   1.68777925e-01  2.15729735e-01 -1.26840915e-02  1.70869030e-01\n",
            "   2.16955724e-01  2.25826298e-01  2.37191461e-01  2.09513547e-01\n",
            "   1.00176056e+00  5.69186845e-01  5.19436186e-01  5.48655147e-01\n",
            "   4.94707764e-01  6.18711558e-01]\n",
            " [ 4.14190751e-01  2.78318729e-01  4.56576647e-01  3.91097651e-01\n",
            "   4.73300254e-01  8.67333351e-01  7.56297184e-01  6.68628771e-01\n",
            "   4.74033112e-01  4.59605900e-01  2.87608629e-01 -9.26020990e-02\n",
            "   3.42521416e-01  2.83755229e-01 -5.56559523e-02  6.79975390e-01\n",
            "   4.85711410e-01  4.53685716e-01  6.03609620e-02  3.90845954e-01\n",
            "   4.76657749e-01  3.61467607e-01  5.30339746e-01  4.39067932e-01\n",
            "   5.69186845e-01  1.00176056e+00  8.93831781e-01  8.02490717e-01\n",
            "   6.15522263e-01  8.11881713e-01]\n",
            " [ 5.27839123e-01  3.01555198e-01  5.64872009e-01  5.13508396e-01\n",
            "   4.35691429e-01  8.17712354e-01  8.85659156e-01  7.53724145e-01\n",
            "   4.34484601e-01  3.46843443e-01  3.81254678e-01 -6.90776223e-02\n",
            "   4.19636314e-01  3.85778129e-01 -5.84010247e-02  6.40271956e-01\n",
            "   6.63730606e-01  5.50559967e-01  3.71843990e-02  3.80643808e-01\n",
            "   5.74985227e-01  3.69014138e-01  6.19432713e-01  5.44287093e-01\n",
            "   5.19436186e-01  8.93831781e-01  1.00176056e+00  8.56939906e-01\n",
            "   5.33457264e-01  6.87719567e-01]\n",
            " [ 7.45524434e-01  2.95835766e-01  7.72598608e-01  7.23287782e-01\n",
            "   5.03939011e-01  8.17009092e-01  8.62839444e-01  9.11757700e-01\n",
            "   4.31054176e-01  1.75634121e-01  5.31997297e-01 -1.19848153e-01\n",
            "   5.55874162e-01  5.39113790e-01 -1.02186386e-01  4.84059046e-01\n",
            "   4.41247718e-01  6.03510257e-01 -3.04669411e-02  2.15583249e-01\n",
            "   7.88810161e-01  3.60387980e-01  8.17759288e-01  7.48734680e-01\n",
            "   5.48655147e-01  8.02490717e-01  8.56939906e-01  1.00176056e+00\n",
            "   5.03413227e-01  5.12013995e-01]\n",
            " [ 1.64241985e-01  1.05192783e-01  1.89447989e-01  1.43822678e-01\n",
            "   3.95003689e-01  5.11121711e-01  4.10185016e-01  3.76405667e-01\n",
            "   7.01057885e-01  3.34606745e-01  9.47092790e-02 -1.28440488e-01\n",
            "   1.10123974e-01  7.42567956e-02 -1.07531080e-01  2.78367653e-01\n",
            "   1.98136036e-01  1.43367633e-01  3.90088053e-01  1.11289767e-01\n",
            "   2.43957953e-01  2.33437721e-01  2.69967228e-01  2.09513722e-01\n",
            "   4.94707764e-01  6.15522263e-01  5.33457264e-01  5.03413227e-01\n",
            "   1.00176056e+00  5.38795122e-01]\n",
            " [ 7.07832563e-03  1.19415220e-01  5.11083511e-02  3.74417763e-03\n",
            "   5.00195447e-01  6.88592503e-01  5.15836458e-01  3.69310185e-01\n",
            "   4.39185353e-01  7.68647654e-01  4.96466850e-02 -4.57349464e-02\n",
            "   8.55829815e-02  1.75701742e-02  1.01658978e-01  5.92013208e-01\n",
            "   4.40102727e-01  3.11201479e-01  7.82169401e-02  5.92369269e-01\n",
            "   9.36565772e-02  2.19508204e-01  1.39201504e-01  7.97872577e-02\n",
            "   6.18711558e-01  8.11881713e-01  6.87719567e-01  5.12013995e-01\n",
            "   5.38795122e-01  1.00176056e+00]]\n",
            "\n",
            "\n",
            "cov_mat \n",
            "\n",
            "[[ 1.00176056e+00  3.24351929e-01  9.99612069e-01  9.89095475e-01\n",
            "   1.70881506e-01  5.07014640e-01  6.77955035e-01  8.23976636e-01\n",
            "   1.48001350e-01 -3.12179472e-01  6.80285970e-01 -9.74887767e-02\n",
            "   6.75358538e-01  7.37159198e-01 -2.22992026e-01  2.06362656e-01\n",
            "   1.94545518e-01  3.76831225e-01 -1.04504545e-01 -4.27161775e-02\n",
            "   9.71245907e-01  2.97530545e-01  9.66835698e-01  9.42739295e-01\n",
            "   1.19826732e-01  4.14190751e-01  5.27839123e-01  7.45524434e-01\n",
            "   1.64241985e-01  7.07832563e-03]\n",
            " [ 3.24351929e-01  1.00176056e+00  3.30113223e-01  3.21650988e-01\n",
            "  -2.34296930e-02  2.37118951e-01  3.02950249e-01  2.93980713e-01\n",
            "   7.15266864e-02 -7.65717560e-02  2.76354360e-01  3.87037830e-01\n",
            "   2.82169018e-01  2.60302460e-01  6.62542133e-03  1.92312595e-01\n",
            "   1.43545337e-01  1.64139495e-01  9.14323671e-03  5.45532977e-02\n",
            "   3.53193674e-01  9.13650301e-01  3.58669926e-01  3.44150782e-01\n",
            "   7.76398084e-02  2.78318729e-01  3.01555198e-01  2.95835766e-01\n",
            "   1.05192783e-01  1.19415220e-01]\n",
            " [ 9.99612069e-01  3.30113223e-01  1.00176056e+00  9.88243612e-01\n",
            "   2.07643090e-01  5.57916732e-01  7.17396452e-01  8.52475240e-01\n",
            "   1.83349443e-01 -2.61937255e-01  6.92982910e-01 -8.69138267e-02\n",
            "   6.94355197e-01  7.46294283e-01 -2.03050882e-01  2.51185131e-01\n",
            "   2.28483886e-01  4.07933847e-01 -8.17730406e-02 -5.53294757e-03\n",
            "   9.71183188e-01  3.03571890e-01  9.72095315e-01  9.43207466e-01\n",
            "   1.50814456e-01  4.56576647e-01  5.64872009e-01  7.72598608e-01\n",
            "   1.89447989e-01  5.11083511e-02]\n",
            " [ 9.89095475e-01  3.21650988e-01  9.88243612e-01  1.00176056e+00\n",
            "   1.77340047e-01  4.99379326e-01  6.87190545e-01  8.24718286e-01\n",
            "   1.51559440e-01 -2.83608244e-01  7.33851949e-01 -6.63969041e-02\n",
            "   7.27907603e-01  8.01494523e-01 -1.67070287e-01  2.12956816e-01\n",
            "   2.08025648e-01  3.72975776e-01 -7.26242231e-02 -1.99218212e-02\n",
            "   9.64441062e-01  2.87994769e-01  9.60808165e-01  9.60902082e-01\n",
            "   1.23740409e-01  3.91097651e-01  5.13508396e-01  7.23287782e-01\n",
            "   1.43822678e-01  3.74417763e-03]\n",
            " [ 1.70881506e-01 -2.34296930e-02  2.07643090e-01  1.77340047e-01\n",
            "   1.00176056e+00  6.60283643e-01  5.22902751e-01  5.54669988e-01\n",
            "   5.58756786e-01  5.85821565e-01  3.01997850e-01  6.85268821e-02\n",
            "   2.96613222e-01  2.46986503e-01  3.32960611e-01  3.19504817e-01\n",
            "   2.48832976e-01  3.81345895e-01  2.01127852e-01  2.84106417e-01\n",
            "   2.13495353e-01  3.61353055e-02  2.39273141e-01  2.07082304e-01\n",
            "   8.06742020e-01  4.73300254e-01  4.35691429e-01  5.03939011e-01\n",
            "   3.95003689e-01  5.00195447e-01]\n",
            " [ 5.07014640e-01  2.37118951e-01  5.57916732e-01  4.99379326e-01\n",
            "   6.60283643e-01  1.00176056e+00  8.84675459e-01  8.32598309e-01\n",
            "   6.03702036e-01  5.66364031e-01  4.98349280e-01  4.62861772e-02\n",
            "   5.49871647e-01  4.56455058e-01  1.35537471e-01  7.40022356e-01\n",
            "   5.71521288e-01  6.43392594e-01  2.30381479e-01  5.08211515e-01\n",
            "   5.36257855e-01  2.48569687e-01  5.91249531e-01  5.10500995e-01\n",
            "   5.66536837e-01  8.67333351e-01  8.17712354e-01  8.17009092e-01\n",
            "   5.11121711e-01  6.88592503e-01]\n",
            " [ 6.77955035e-01  3.02950249e-01  7.17396452e-01  6.87190545e-01\n",
            "   5.22902751e-01  8.84675459e-01  1.00176056e+00  9.23013193e-01\n",
            "   5.01548075e-01  3.37376288e-01  6.33037366e-01  7.63525333e-02\n",
            "   6.61553448e-01  6.18513826e-01  9.87372711e-02  6.71458891e-01\n",
            "   6.92487222e-01  6.84462834e-01  1.78322603e-01  4.50091900e-01\n",
            "   6.89448092e-01  3.00406843e-01  7.30849362e-01  6.77177350e-01\n",
            "   4.49612217e-01  7.56297184e-01  8.85659156e-01  8.62839444e-01\n",
            "   4.10185016e-01  5.15836458e-01]\n",
            " [ 8.23976636e-01  2.93980713e-01  8.52475240e-01  8.24718286e-01\n",
            "   5.54669988e-01  8.32598309e-01  9.23013193e-01  1.00176056e+00\n",
            "   4.63311644e-01  1.67211252e-01  6.99278795e-01  2.15173981e-02\n",
            "   7.11901016e-01  6.91513854e-01  2.77019938e-02  4.91287673e-01\n",
            "   4.39940233e-01  6.16717994e-01  9.55186580e-02  2.58037474e-01\n",
            "   8.31779458e-01  2.93267121e-01  8.57430035e-01  8.11055024e-01\n",
            "   4.53550155e-01  6.68628771e-01  7.53724145e-01  9.11757700e-01\n",
            "   3.76405667e-01  3.69310185e-01]\n",
            " [ 1.48001350e-01  7.15266864e-02  1.83349443e-01  1.51559440e-01\n",
            "   5.58756786e-01  6.03702036e-01  5.01548075e-01  4.63311644e-01\n",
            "   1.00176056e+00  4.80766262e-01  3.03913382e-01  1.28278372e-01\n",
            "   3.14445389e-01  2.24364533e-01  1.87650956e-01  4.22401505e-01\n",
            "   3.43230239e-01  3.93990298e-01  4.49927276e-01  3.32370491e-01\n",
            "   1.86054739e-01  9.08102844e-02  2.19554419e-01  1.77505338e-01\n",
            "   4.27426215e-01  4.74033112e-01  4.34484601e-01  4.31054176e-01\n",
            "   7.01057885e-01  4.39185353e-01]\n",
            " [-3.12179472e-01 -7.65717560e-02 -2.61937255e-01 -2.83608244e-01\n",
            "   5.85821565e-01  5.66364031e-01  3.37376288e-01  1.67211252e-01\n",
            "   4.80766262e-01  1.00176056e+00  1.11190486e-04  1.64463005e-01\n",
            "   3.99000547e-02 -9.03289980e-02  4.02672109e-01  5.60822319e-01\n",
            "   4.47416639e-01  3.41798745e-01  3.45614805e-01  6.89343153e-01\n",
            "  -2.54138135e-01 -5.13594647e-02 -2.05512393e-01 -2.32262646e-01\n",
            "   5.05831058e-01  4.59605900e-01  3.46843443e-01  1.75634121e-01\n",
            "   3.34606745e-01  7.68647654e-01]\n",
            " [ 6.80285970e-01  2.76354360e-01  6.92982910e-01  7.33851949e-01\n",
            "   3.01997850e-01  4.98349280e-01  6.33037366e-01  6.99278795e-01\n",
            "   3.03913382e-01  1.11190486e-04  1.00176056e+00  2.13622773e-01\n",
            "   9.74506342e-01  9.53505869e-01  1.64803858e-01  3.56691450e-01\n",
            "   3.32942669e-01  5.14250220e-01  2.40990897e-01  2.28154677e-01\n",
            "   7.16324113e-01  1.95141512e-01  7.20950853e-01  7.52871625e-01\n",
            "   1.42168410e-01  2.87608629e-01  3.81254678e-01  5.31997297e-01\n",
            "   9.47092790e-02  4.96466850e-02]\n",
            " [-9.74887767e-02  3.87037830e-01 -8.69138267e-02 -6.63969041e-02\n",
            "   6.85268821e-02  4.62861772e-02  7.63525333e-02  2.15173981e-02\n",
            "   1.28278372e-01  1.64463005e-01  2.13622773e-01  1.00176056e+00\n",
            "   2.23563635e-01  1.11763668e-01  3.97942224e-01  2.32107621e-01\n",
            "   1.95341766e-01  2.30688828e-01  4.12345364e-01  2.80215261e-01\n",
            "  -1.11886951e-01  4.09722842e-01 -1.02421925e-01 -8.33414586e-02\n",
            "  -7.37873381e-02 -9.26020990e-02 -6.90776223e-02 -1.19848153e-01\n",
            "  -1.28440488e-01 -4.57349464e-02]\n",
            " [ 6.75358538e-01  2.82169018e-01  6.94355197e-01  7.27907603e-01\n",
            "   2.96613222e-01  5.49871647e-01  6.61553448e-01  7.11901016e-01\n",
            "   3.14445389e-01  3.99000547e-02  9.74506342e-01  2.23563635e-01\n",
            "   1.00176056e+00  9.39306209e-01  1.51341309e-01  4.17055330e-01\n",
            "   3.63119750e-01  5.57243422e-01  2.66956259e-01  2.44572759e-01\n",
            "   6.98428059e-01  2.00723620e-01  7.22300731e-01  7.31999440e-01\n",
            "   1.30283361e-01  3.42521416e-01  4.19636314e-01  5.55874162e-01\n",
            "   1.10123974e-01  8.55829815e-02]\n",
            " [ 7.37159198e-01  2.60302460e-01  7.46294283e-01  8.01494523e-01\n",
            "   2.46986503e-01  4.56455058e-01  6.18513826e-01  6.91513854e-01\n",
            "   2.24364533e-01 -9.03289980e-02  9.53505869e-01  1.11763668e-01\n",
            "   9.39306209e-01  1.00176056e+00  7.52826451e-02  2.85341536e-01\n",
            "   2.71371649e-01  4.16461487e-01  1.34345087e-01  1.27294745e-01\n",
            "   7.58706592e-01  1.96842594e-01  7.62552799e-01  8.12836496e-01\n",
            "   1.25610187e-01  2.83755229e-01  3.85778129e-01  5.39113790e-01\n",
            "   7.42567956e-02  1.75701742e-02]\n",
            " [-2.22992026e-01  6.62542133e-03 -2.03050882e-01 -1.67070287e-01\n",
            "   3.32960611e-01  1.35537471e-01  9.87372711e-02  2.77019938e-02\n",
            "   1.87650956e-01  4.02672109e-01  1.64803858e-01  3.97942224e-01\n",
            "   1.51341309e-01  7.52826451e-02  1.00176056e+00  3.37288855e-01\n",
            "   2.69157792e-01  3.29007720e-01  4.14234129e-01  4.28126763e-01\n",
            "  -2.31096855e-01 -7.48745546e-02 -2.17686332e-01 -1.82516245e-01\n",
            "   3.15011078e-01 -5.56559523e-02 -5.84010247e-02 -1.02186386e-01\n",
            "  -1.07531080e-01  1.01658978e-01]\n",
            " [ 2.06362656e-01  1.92312595e-01  2.51185131e-01  2.12956816e-01\n",
            "   3.19504817e-01  7.40022356e-01  6.71458891e-01  4.91287673e-01\n",
            "   4.22401505e-01  5.60822319e-01  3.56691450e-01  2.32107621e-01\n",
            "   4.17055330e-01  2.85341536e-01  3.37288855e-01  1.00176056e+00\n",
            "   8.02679021e-01  7.45392672e-01  3.95407752e-01  8.04683115e-01\n",
            "   2.04967390e-01  1.43254348e-01  2.60974494e-01  1.99722335e-01\n",
            "   2.27794574e-01  6.79975390e-01  6.40271956e-01  4.84059046e-01\n",
            "   2.78367653e-01  5.92013208e-01]\n",
            " [ 1.94545518e-01  1.43545337e-01  2.28483886e-01  2.08025648e-01\n",
            "   2.48832976e-01  5.71521288e-01  6.92487222e-01  4.39940233e-01\n",
            "   3.43230239e-01  4.47416639e-01  3.32942669e-01  1.95341766e-01\n",
            "   3.63119750e-01  2.71371649e-01  2.69157792e-01  8.02679021e-01\n",
            "   1.00176056e+00  7.73162790e-01  3.09973346e-01  7.28652790e-01\n",
            "   1.87232560e-01  1.00417452e-01  2.27079500e-01  1.88684248e-01\n",
            "   1.68777925e-01  4.85711410e-01  6.63730606e-01  4.41247718e-01\n",
            "   1.98136036e-01  4.40102727e-01]\n",
            " [ 3.76831225e-01  1.64139495e-01  4.07933847e-01  3.72975776e-01\n",
            "   3.81345895e-01  6.43392594e-01  6.84462834e-01  6.16717994e-01\n",
            "   3.93990298e-01  3.41798745e-01  5.14250220e-01  2.30688828e-01\n",
            "   5.57243422e-01  4.16461487e-01  3.29007720e-01  7.45392672e-01\n",
            "   7.73162790e-01  1.00176056e+00  3.13330893e-01  6.12120142e-01\n",
            "   3.58757174e-01  8.68939233e-02  3.95694673e-01  3.42873752e-01\n",
            "   2.15729735e-01  4.53685716e-01  5.50559967e-01  6.03510257e-01\n",
            "   1.43367633e-01  3.11201479e-01]\n",
            " [-1.04504545e-01  9.14323671e-03 -8.17730406e-02 -7.26242231e-02\n",
            "   2.01127852e-01  2.30381479e-01  1.78322603e-01  9.55186580e-02\n",
            "   4.49927276e-01  3.45614805e-01  2.40990897e-01  4.12345364e-01\n",
            "   2.66956259e-01  1.34345087e-01  4.14234129e-01  3.95407752e-01\n",
            "   3.09973346e-01  3.13330893e-01  1.00176056e+00  3.69727820e-01\n",
            "  -1.28346334e-01 -7.76098171e-02 -1.03935708e-01 -1.10537008e-01\n",
            "  -1.26840915e-02  6.03609620e-02  3.71843990e-02 -3.04669411e-02\n",
            "   3.90088053e-01  7.82169401e-02]\n",
            " [-4.27161775e-02  5.45532977e-02 -5.53294757e-03 -1.99218212e-02\n",
            "   2.84106417e-01  5.08211515e-01  4.50091900e-01  2.58037474e-01\n",
            "   3.32370491e-01  6.89343153e-01  2.28154677e-01  2.80215261e-01\n",
            "   2.44572759e-01  1.27294745e-01  4.28126763e-01  8.04683115e-01\n",
            "   7.28652790e-01  6.12120142e-01  3.69727820e-01  1.00176056e+00\n",
            "  -3.75534158e-02 -3.20064748e-03 -1.00195746e-03 -2.27759988e-02\n",
            "   1.70869030e-01  3.90845954e-01  3.80643808e-01  2.15583249e-01\n",
            "   1.11289767e-01  5.92369269e-01]\n",
            " [ 9.71245907e-01  3.53193674e-01  9.71183188e-01  9.64441062e-01\n",
            "   2.13495353e-01  5.36257855e-01  6.89448092e-01  8.31779458e-01\n",
            "   1.86054739e-01 -2.54138135e-01  7.16324113e-01 -1.11886951e-01\n",
            "   6.98428059e-01  7.58706592e-01 -2.31096855e-01  2.04967390e-01\n",
            "   1.87232560e-01  3.58757174e-01 -1.28346334e-01 -3.75534158e-02\n",
            "   1.00176056e+00  3.60554418e-01  9.95457402e-01  9.85746984e-01\n",
            "   2.16955724e-01  4.76657749e-01  5.74985227e-01  7.88810161e-01\n",
            "   2.43957953e-01  9.36565772e-02]\n",
            " [ 2.97530545e-01  9.13650301e-01  3.03571890e-01  2.87994769e-01\n",
            "   3.61353055e-02  2.48569687e-01  3.00406843e-01  2.93267121e-01\n",
            "   9.08102844e-02 -5.13594647e-02  1.95141512e-01  4.09722842e-01\n",
            "   2.00723620e-01  1.96842594e-01 -7.48745546e-02  1.43254348e-01\n",
            "   1.00417452e-01  8.68939233e-02 -7.76098171e-02 -3.20064748e-03\n",
            "   3.60554418e-01  1.00176056e+00  3.65741024e-01  3.46451160e-01\n",
            "   2.25826298e-01  3.61467607e-01  3.69014138e-01  3.60387980e-01\n",
            "   2.33437721e-01  2.19508204e-01]\n",
            " [ 9.66835698e-01  3.58669926e-01  9.72095315e-01  9.60808165e-01\n",
            "   2.39273141e-01  5.91249531e-01  7.30849362e-01  8.57430035e-01\n",
            "   2.19554419e-01 -2.05512393e-01  7.20950853e-01 -1.02421925e-01\n",
            "   7.22300731e-01  7.62552799e-01 -2.17686332e-01  2.60974494e-01\n",
            "   2.27079500e-01  3.95694673e-01 -1.03935708e-01 -1.00195746e-03\n",
            "   9.95457402e-01  3.65741024e-01  1.00176056e+00  9.79299180e-01\n",
            "   2.37191461e-01  5.30339746e-01  6.19432713e-01  8.17759288e-01\n",
            "   2.69967228e-01  1.39201504e-01]\n",
            " [ 9.42739295e-01  3.44150782e-01  9.43207466e-01  9.60902082e-01\n",
            "   2.07082304e-01  5.10500995e-01  6.77177350e-01  8.11055024e-01\n",
            "   1.77505338e-01 -2.32262646e-01  7.52871625e-01 -8.33414586e-02\n",
            "   7.31999440e-01  8.12836496e-01 -1.82516245e-01  1.99722335e-01\n",
            "   1.88684248e-01  3.42873752e-01 -1.10537008e-01 -2.27759988e-02\n",
            "   9.85746984e-01  3.46451160e-01  9.79299180e-01  1.00176056e+00\n",
            "   2.09513547e-01  4.39067932e-01  5.44287093e-01  7.48734680e-01\n",
            "   2.09513722e-01  7.97872577e-02]\n",
            " [ 1.19826732e-01  7.76398084e-02  1.50814456e-01  1.23740409e-01\n",
            "   8.06742020e-01  5.66536837e-01  4.49612217e-01  4.53550155e-01\n",
            "   4.27426215e-01  5.05831058e-01  1.42168410e-01 -7.37873381e-02\n",
            "   1.30283361e-01  1.25610187e-01  3.15011078e-01  2.27794574e-01\n",
            "   1.68777925e-01  2.15729735e-01 -1.26840915e-02  1.70869030e-01\n",
            "   2.16955724e-01  2.25826298e-01  2.37191461e-01  2.09513547e-01\n",
            "   1.00176056e+00  5.69186845e-01  5.19436186e-01  5.48655147e-01\n",
            "   4.94707764e-01  6.18711558e-01]\n",
            " [ 4.14190751e-01  2.78318729e-01  4.56576647e-01  3.91097651e-01\n",
            "   4.73300254e-01  8.67333351e-01  7.56297184e-01  6.68628771e-01\n",
            "   4.74033112e-01  4.59605900e-01  2.87608629e-01 -9.26020990e-02\n",
            "   3.42521416e-01  2.83755229e-01 -5.56559523e-02  6.79975390e-01\n",
            "   4.85711410e-01  4.53685716e-01  6.03609620e-02  3.90845954e-01\n",
            "   4.76657749e-01  3.61467607e-01  5.30339746e-01  4.39067932e-01\n",
            "   5.69186845e-01  1.00176056e+00  8.93831781e-01  8.02490717e-01\n",
            "   6.15522263e-01  8.11881713e-01]\n",
            " [ 5.27839123e-01  3.01555198e-01  5.64872009e-01  5.13508396e-01\n",
            "   4.35691429e-01  8.17712354e-01  8.85659156e-01  7.53724145e-01\n",
            "   4.34484601e-01  3.46843443e-01  3.81254678e-01 -6.90776223e-02\n",
            "   4.19636314e-01  3.85778129e-01 -5.84010247e-02  6.40271956e-01\n",
            "   6.63730606e-01  5.50559967e-01  3.71843990e-02  3.80643808e-01\n",
            "   5.74985227e-01  3.69014138e-01  6.19432713e-01  5.44287093e-01\n",
            "   5.19436186e-01  8.93831781e-01  1.00176056e+00  8.56939906e-01\n",
            "   5.33457264e-01  6.87719567e-01]\n",
            " [ 7.45524434e-01  2.95835766e-01  7.72598608e-01  7.23287782e-01\n",
            "   5.03939011e-01  8.17009092e-01  8.62839444e-01  9.11757700e-01\n",
            "   4.31054176e-01  1.75634121e-01  5.31997297e-01 -1.19848153e-01\n",
